0.0 0.0 0.0
0.00625 4.327297084575623 0.010651251563070702
0.0125 -1.2211871269090195 -0.009162697073955131
0.018750000000000003 0.09063816592016324 -0.0018081036792185928
0.025 0.10316434986417747 -0.0007158291385141801
0.03125 0.09405103182474006 4.303870242250126e-05
0.0375 0.09027348820656635 0.0007412478493434528
0.04375 0.08827723925925518 0.0013491855960807355
0.049999999999999996 0.08733204848905683 0.001842800282403393
0.056249999999999994 0.08706956986980136 0.002229662075927375
0.06249999999999999 0.0872583797075152 0.0025415088251037944
0.06874999999999999 0.08774611256481984 0.0028122948342035083
0.075 0.08842675566226475 0.003064459657308682
0.08125 0.0892225199892395 0.003306873873107842
0.08750000000000001 0.0900769955936073 0.0035395081629107407
0.09375000000000001 0.09094929288795804 0.0037589638195809983
0.10000000000000002 0.09181132940067427 0.0039629697429747176
0.10625000000000002 0.09264483694904233 0.004150658694791274
0.11250000000000003 0.09343855621829013 0.004322113047831016
0.11875000000000004 0.09418624975861067 0.004477396472951296
0.12500000000000003 0.09488478149814836 0.004615883087238195
0.13125000000000003 0.09553294262736609 0.0047362263441390415
0.13750000000000004 0.09613065738617976 0.004836597419959369
0.14375000000000004 0.09667811603743526 0.004914935495231849
0.15000000000000005 0.09717520065244131 0.004969221635736518
0.15625000000000006 0.0976210785362592 0.00499765877911145
0.16250000000000006 0.09801392680011423 0.004998889842114062
0.16875000000000007 0.09835100189572715 0.004972254443801468
0.17500000000000007 0.09862897578268391 0.004917991805568147
0.18125000000000008 0.09884459158306075 0.004837360980430386
0.18750000000000008 0.09899536148793163 0.004732585391526659
0.1937500000000001 0.09908039392221382 0.0046066621715707716
0.2000000000000001 0.0991008938152734 0.0044630340083990205
0.2062500000000001 0.09906054950877766 0.004305212433461393
0.2125000000000001 0.09896548369839116 0.0041364379741874535
0.2187500000000001 0.09882388211350915 0.003959421070592488
0.22500000000000012 0.0986453408435363 0.003776204469728918
0.23125000000000012 0.09844006083224645 0.003588137578990375
0.23750000000000013 0.09821805183150976 0.003395956814199233
0.24375000000000013 0.0979884192044891 0.0031999345276238203
0.2500000000000001 0.09775884108318253 0.003000062082812478
0.2562500000000001 0.09753528527326752 0.0027962259447315346
0.26250000000000007 0.0973219555523758 0.0025883479239355357
0.26875000000000004 0.09712141947565829 0.0023764684800525082
0.275 0.0969348661805704 0.0021607830103376087
0.28125 0.09676242372049204 0.001941633867762316
0.2875 0.09660348195912248 0.0017194771096590892
0.29374999999999996 0.09645697665805597 0.0014948425534400832
0.29999999999999993 0.09632161469435638 0.0012683038007174333
0.3062499999999999 0.09619603407618126 0.0010404651862474608
0.3124999999999999 0.09607890783731622 0.0008119671844961257
0.31874999999999987 0.09596900221633435 0.0005835021926256809
0.32499999999999984 0.09586520627660071 0.0003558328796023362
0.3312499999999998 0.09576654523900585 0.00012980474692879794
0.3374999999999998 0.0956721864779286 -9.365204464000711e-05
0.3437499999999998 0.09558144145330788 -0.0003135329504758862
0.34999999999999976 0.0954937641492452 -0.0005287796717140283
0.35624999999999973 0.09540874498117358 -0.000738307105222811
0.3624999999999997 0.09532609907027444 -0.0009410318647370338
0.3687499999999997 0.09524564789531569 -0.0011358986450355822
0.37499999999999967 0.0951672952792271 -0.0013219015968250506
0.38124999999999964 0.09509100321896387 -0.0014980975138809281
0.3874999999999996 0.09501676891149888 -0.0016636114529839678
0.3937499999999996 0.09494460686088979 -0.0018176354883214917
0.3999999999999996 0.09487453737479583 -0.001959422583519004
0.40624999999999956 0.09480658049724966 -0.002088278343779262
0.41249999999999953 0.09474075419152195 -0.002203553079491768
0.4187499999999995 0.09467707364932475 -0.0023046362456477392
0.4249999999999995 0.09461554983875516 -0.0023909543924239317
0.43124999999999947 0.09455618603236489 -0.0024619729695413515
0.43749999999999944 0.09449897288436537 -0.0025172013807562184
0.4437499999999994 0.09444388380671981 -0.002556200224989489
0.4499999999999994 0.09439087201343072 -0.002578589674668404
0.4562499999999994 0.09433987147853712 -0.0025840575399701748
0.46249999999999936 0.09429080218784167 -0.002572366168921179
0.46874999999999933 0.09424357844377167 -0.0025433578514024407
0.4749999999999993 0.09419811907104925 -0.002496957933046067
0.4812499999999993 0.09415435557611183 -0.0024331762621917687
0.48749999999999927 0.09411223659010175 -0.002352107349173215
0.49374999999999925 0.09407172770835022 -0.0022539294965657776
0.4999999999999992 0.09403280546141399 -0.002138903399594104
0.5062499999999992 0.09399545019659251 -0.0020073704074332474
0.5124999999999992 0.0939596378905204 -0.0018597511265827647
0.5187499999999992 0.09392533306029094 -0.0016965439756779948
0.5249999999999991 0.0938924870530775 -0.0015183235732290187
0.5312499999999991 0.09386103842816565 -0.0013257399922545628
0.5374999999999991 0.09383091812446634 -0.001119518009111217
0.5437499999999991 0.09380205758883774 -0.0009004566506654013
0.549999999999999 0.09377439462653499 -0.0006694290897756226
0.556249999999999 0.0937478776272126 -0.00042738187847646985
0.562499999999999 0.09372246825612228 -0.00017533352550825294
0.568749999999999 0.09369814137202619 8.562815238856975e-05
0.574999999999999 0.09367488296991901 0.00035435016170867767
0.5812499999999989 0.09365268682728918 0.0006296197975400544
0.5874999999999989 0.09363155196878262 0.0009101714602763626
0.5937499999999989 0.09361147973392256 0.001194693553486906
0.5999999999999989 0.0935924713403061 0.0014818353742210243
0.6062499999999988 0.09357452650463462 0.0017702138401001113
0.6124999999999988 0.09355764316604177 0.0020584200937207777
0.6187499999999988 0.09354181720385209 0.002345025625958851
0.6249999999999988 0.09352704213721524 0.002628588325651137
0.6312499999999988 0.09351330927802168 0.002907658896982694
0.6374999999999987 0.09350060764143167 0.0031807875409372165
0.6437499999999987 0.0934889237038492 0.003446531366223488
0.6499999999999987 0.09347824014355974 0.003703461531120659
0.6562499999999987 0.09346853478048442 0.003950170589635713
0.6624999999999986 0.09345977945550038 0.0041852800092745225
0.6687499999999986 0.09345194046893618 0.004407447896050433
0.6749999999999986 0.09344497995949257 0.004615376851296229
0.6812499999999986 0.09343885775963935 0.004807821945569905
0.6874999999999986 0.09343353310420777 0.004983598552872984
0.6937499999999985 0.09342896611670598 0.005141590058464889
0.6999999999999985 0.09342511899371667 0.005280755416967163
0.7062499999999985 0.09342195668883707 0.005400136442683726
0.7124999999999985 0.09341944705774644 0.005498864708862559
0.7187499999999984 0.09341756045011847 0.00557616788039395
0.7249999999999984 0.09341626890520445 0.005631375499025163
0.7312499999999984 0.09341554554185552 0.0056639241729407
0.7374999999999984 0.09341536414401583 0.005673362150795259
0.7437499999999984 0.09341569878161775 0.005659353227285627
0.7499999999999983 0.09341652358506805 0.005621680031465454
0.7562499999999983 0.09341781292793462 0.005560246952619986
0.7624999999999983 0.09341954183148628 0.00547508272342155
0.7687499999999983 0.09342168654691833 0.005366342607786082
0.7749999999999982 0.09342422508968809 0.005234310145958265
0.7812499999999982 0.09342713753442447 0.00507939837684937
0.7874999999999982 0.0934304060493937 0.004902150298027652
0.7937499999999982 0.09343401532993319 0.0047032390019281735
0.7999999999999982 0.09343795243400838 0.004483466913181476
0.8062499999999981 0.09344220628980424 0.004243763862131075
0.8124999999999981 0.09344676769294061 0.003985184434106881
0.8187499999999981 0.09345162958873639 0.003708904762252536
0.8249999999999981 0.09345678762494637 0.003416218669256031
0.831249999999998 0.09346224114147994 0.003108533222321345
0.837499999999998 0.09346799274160511 0.0027873640494274995
0.843749999999998 0.09347404851566862 0.0024543297555021265
0.849999999999998 0.09348041867711145 0.0021111455893511985
0.856249999999998 0.09348711805033466 0.0017596165269422065
0.8624999999999979 0.09349416601367973 0.0014016294158606156
0.8687499999999979 0.09350158539370407 0.0010391443854086844
0.8749999999999979 0.09350940101949007 0.000674185800192482
0.8812499999999979 0.09351763756423563 0.000308831917401264
0.8874999999999978 0.09352631659322438 -5.4796922321124174e-05
0.8937499999999978 0.09353545502682727 -0.0004145502074988794
0.8999999999999978 0.09354506400883149 -0.0007682592813520377
0.9062499999999978 0.09355514816907769 -0.0011137493753804524
0.9124999999999978 0.0935657026048906 -0.0014488530955595095
0.9187499999999977 0.09357671107476877 -0.0017714237601791924
0.9249999999999977 0.09358814685132306 -0.002079348144967141
0.9312499999999977 0.09359997353797736 -0.0023705593013164205
0.9374999999999977 0.09361214480742457 -0.00264304955220559
0.9437499999999976 0.09362460511829702 -0.00289488332305162
0.9499999999999976 0.09363729220618337 -0.0031242098497920815
0.9562499999999976 0.09365013678291727 -0.0033292749496581305
0.9624999999999976 0.09366306542852879 -0.003508433521024502
0.9687499999999976 0.09367600238067911 -0.003660161605261856
0.9749999999999975 0.0936888712106154 -0.0037830679801287848
0.9812499999999975 0.09370159650063963 -0.0038759052346458447
0.9874999999999975 0.09371410556882673 -0.0039375804878773344
0.9937499999999975 0.09372633019555479 -0.003967165502533667
0.9999999999999974 0.09373820810543351 -0.00396390590815127
1.0062499999999974 0.09374968414118218 -0.003927229525861518
1.0124999999999975 0.09376071097654837 -0.00385675365211567
1.0187499999999976 0.0937712495972634 -0.003752291439753562
1.0249999999999977 0.09378126960125882 -0.003613857288064676
1.0312499999999978 0.09379074902202528 -0.003441670923849121
1.0374999999999979 0.09379967374932337 -0.0032361601804225715
1.043749999999998 0.09380803681075951 -0.002997962405236113
1.049999999999998 0.09381583786036209 -0.0027279244514163466
1.0562499999999981 0.0938230829482735 -0.0024271012719141345
1.0624999999999982 0.09382978458510817 -0.002096753151991907
1.0687499999999983 0.09383596278804478 -0.0017383416610850175
1.0749999999999984 0.09384164780275221 -0.001353523784627207
1.0812499999999985 0.09384688325908096 -0.0009441447956275899
1.0874999999999986 0.09385172759397499 -0.00051223076449409
1.0937499999999987 0.09385625593177166 -5.998068154782033e-05
1.0999999999999988 0.09386056249979484 0.0004102434227192089
1.1062499999999988 0.09386476089252621 0.0008959254711321569
1.112499999999999 0.09386898258758443 0.0013944040263580118
1.118749999999999 0.0938733741938102 0.001902881866868514
1.1249999999999991 0.09387809342243122 0.0024184364999815934
1.1312499999999992 0.09388330326512888 0.002938031154403792
1.1374999999999993 0.09388916422921595 0.003458526282453938
1.1437499999999994 0.09389582580117366 0.003976692040151285
1.1499999999999995 0.09390341955312168 0.004489222923457653
1.1562499999999996 0.09391205315696939 0.004992754484133103
1.1624999999999996 0.09392180519731959 0.00548388190928603
1.1687499999999997 0.09393272218323843 0.0059591806377392665
1.1749999999999998 0.09394481814989283 0.006415228757543471
1.18125 0.09395807632408741 0.006848631073265813
1.1875 0.09397245276517073 0.007256044553011597
1.19375 0.09398788160403951 0.007634204235061414
1.2000000000000002 0.09400428230952212 0.007979948584788659
1.2062500000000003 0.09402156912977176 0.008290244372476694
1.2125000000000004 0.09403966239015013 0.00856221109852229
1.2187500000000004 0.0940584992260104 0.008793144023933368
1.2250000000000005 0.09407804285520896 0.00898053524458257
1.2312500000000006 0.09409828997739833 0.009122093147981528
1.2375000000000007 0.09411927504268243 0.009215760841460694
1.2437500000000008 0.0941410698802278 0.009259734175521901
1.2500000000000009 0.09416377961015678 0.009252480408655488
1.256250000000001 0.09418753429737457 0.009192756587021934
1.262500000000001 0.09421247534882717 0.009079627975574699
1.2687500000000012 0.09423873836203181 0.008912487032919723
1.2750000000000012 0.09426643216496179 0.008691072703478409
1.2812500000000013 0.09429561887668098 0.00841548867877775
1.2875000000000014 0.09432629747425879 0.00808622011352993
1.2937500000000015 0.09435838555493163 0.007704148150679321
1.3000000000000016 0.09439170761579131 0.007270561046884771
1.3062500000000017 0.09442599539177686 0.006787159775130704
1.3125000000000018 0.09446089477769087 0.006256058467144603
1.3187500000000019 0.09449598270484304 0.005679777593331512
1.325000000000002 0.09453080346975222 0.0050612326187179585
1.331250000000002 0.09456491017695631 0.004403717818088034
1.3375000000000021 0.0945979186048339 0.003710889144450965
1.3437500000000022 0.09462956648326963 0.0029867478963794447
1.3500000000000023 0.0946597644571359 0.002235625875314295
1.3562500000000024 0.09468863013674797 0.0014621721229580735
1.3625000000000025 0.0947164966221704 0.0006713402289304244
1.3687500000000026 0.09474389077673015 -0.00013162562790526328
1.3750000000000027 0.09477148218181038 -0.0009412124772098631
1.3812500000000028 0.09480001560736254 -0.0017516651798994503
1.3875000000000028 0.09483023476126697 -0.0025570218900803072
1.393750000000003 0.09486280542907323 -0.003351156655463625
1.400000000000003 0.09489825142179899 -0.004127827572537395
1.406250000000003 0.09493691059953926 -0.004880725704597238
1.4125000000000032 0.0949789089755214 -0.005603526684484769
1.4187500000000033 0.09502415311227669 -0.006289947133200164
1.4250000000000034 0.09507233544649121 -0.0069338047789326215
1.4312500000000035 0.09512294117716019 -0.007529082294687074
1.4375000000000036 0.095175264903304 -0.008069999745088728
1.4437500000000036 0.09522841850427366 -0.00855108872647475
1.4500000000000037 0.09528133867704036 -0.008967268443028937
1.4562500000000038 0.09533281310324232 -0.00931392242153828
1.462500000000004 0.09538152463579408 -0.00958696407809368
1.468750000000004 0.0954261231309095 -0.009782881869969551
1.475000000000004 0.0954653182327906 -0.009898760014689112
1.4812500000000042 0.09549801501927896 -0.009932273023595306
1.4875000000000043 0.09552345805917713 -0.009881654116017878
1.4937500000000044 0.09554136491792399 -0.009745652079469752
1.5000000000000044 0.09555201330826336 -0.009523489416970256
1.5062500000000045 0.09555624484459334 -0.00921483890258187
1.5125000000000046 0.09555538059288243 -0.008819837206200958
1.5187500000000047 0.09555103149253046 -0.008339154097367494
1.5250000000000048 0.09554484998157724 -0.007774101619325185
1.5312500000000049 0.09553827964034506 -0.00712675925482348
1.537500000000005 0.09553235172040173 -0.006400091066687568
1.543750000000005 0.0955275820889094 -0.005598027925832138
1.5500000000000052 0.09552399548714552 -0.0047254877628383095
1.5562500000000052 0.09552126569626469 -0.0037883226125143095
1.5625000000000053 0.095518928231572 -0.002793200539665737
1.5687500000000054 0.09551660077867 -0.0017474391979190281
1.5750000000000055 0.09551415290639521 -0.0006588162146830229
1.5812500000000056 0.095511780094783 0.00046461934127672177
1.5875000000000057 0.09550996987472518 0.0016147027701582575
1.5937500000000058 0.09550937597465316 0.00278324079130308
1.6000000000000059 0.09551065896326214 0.003962021932205296
1.606250000000006 0.0955143489459975 0.005142754040525124
1.612500000000006 0.0955207757572637 0.006316947879079967
1.6187500000000061 0.09553009470218468 0.007475783324785246
1.6250000000000062 0.09554237781742836 0.008610000196679493
1.6312500000000063 0.09555772984944744 0.009709863303824591
1.6375000000000064 0.09557637506976269 0.010765232830920598
1.6437500000000065 0.09559867758067084 0.011765758007300174
1.6500000000000066 0.0956250775556326 0.012701165626672494
1.6562500000000067 0.09565596462194986 0.013561594766464291
1.6625000000000068 0.09569153205357667 0.014337910806168556
1.6687500000000068 0.09573167368941697 0.01502193609065
1.675000000000007 0.09577594743536448 0.015606559921177337
1.681250000000007 0.09582359983843129 0.01608572953394299
1.687500000000007 0.09587368380041966 0.01645435313445604
1.6937500000000072 0.09592516226070048 0.016708169400534396
1.7000000000000073 0.09597695966288883 0.016843639834777838
1.7062500000000074 0.09602798332595261 0.016857904272750336
1.7125000000000075 0.09607712641634446 0.01674881593294841
1.7187500000000075 0.09612329609833761 0.016515045097605114
1.7250000000000076 0.09616548300018744 0.01615621781374138
1.7312500000000077 0.09620289965291522 0.015673029318168795
1.7375000000000078 0.09623511790404851 0.015067338083477318
1.743750000000008 0.09626215271559013 0.014342209867948581
1.750000000000008 0.0962845028786749 0.013501891081221809
1.756250000000008 0.0963030621602339 0.01255174290642807
1.7625000000000082 0.09631892632400244 0.011498155745443717
1.7687500000000083 0.09633315994944736 0.01034845919902893
1.7750000000000083 0.09634660053102849 0.00911083908946623
1.7812500000000084 0.09635977016580531 0.007794267655122557
1.7875000000000085 0.09637292252748365 0.0064084464267319214
1.7937500000000086 0.09638619523880874 0.004963752502955377
1.8000000000000087 0.09639980012385764 0.003471178518604589
1.8062500000000088 0.09641416707723278 0.0019422594738571096
1.8125000000000089 0.09642999121489444 0.0003889838522163154
1.818750000000009 0.09644816814455408 -0.0011763113125907905
1.825000000000009 0.09646963779163628 -0.002741048291939903
1.8312500000000091 0.09649522073494377 -0.004292516001983217
1.8375000000000092 0.09652550124721876 -0.005817965122686049
1.8437500000000093 0.09656081411366686 -0.007304689455378498
1.8500000000000094 0.09660128510251198 -0.00874009700974116
1.8562500000000095 0.09664690582830011 -0.010111783179190046
1.8625000000000096 0.0966976114217742 -0.011407624279707398
1.8687500000000097 0.09675330112201902 -0.012615901221726913
1.8750000000000098 0.09681377597802403 -0.013725460224597934
1.8812500000000099 0.0968786032538087 -0.014725887818322982
1.88750000000001 0.0969469052071574 -0.015607659386615751
1.89375000000001 0.09701717438179759 -0.01636226385262556
1.9000000000000101 0.09708721484107476 -0.016982281763084046
1.9062500000000102 0.09715424137853625 -0.01746141285755279
1.9125000000000103 0.09721508369825324 -0.017794474865601914
1.9187500000000104 0.0972664898171707 -0.01797740319799902
1.9250000000000105 0.09730547412756674 -0.018007279988316995
1.9312500000000106 0.09732969609269652 -0.01788238948237219
1.9375000000000107 0.09733774407189896 -0.017602309021490046
1.9437500000000107 0.09732928059986297 -0.017167996951879472
1.9500000000000108 0.09730505210539431 -0.016581833634811576
1.956250000000011 0.09726673205974594 -0.015847590945377438
1.962500000000011 0.09721666050677066 -0.014970307997380626
1.968750000000011 0.09715754027736376 -0.013956102330131283
1.9750000000000112 0.0970921356491242 -0.012811967432683782
1.9812500000000113 0.09702302242978524 -0.011545610487321632
1.9875000000000114 0.0969524299077606 -0.010165387049698821
1.9937500000000115 0.09688220963257242 -0.008680361786071013
2.0000000000000115 0.09681392625862302 -0.007100480771654309
2.0062500000000116 0.09674904466732244 -0.005436782634786788
2.0125000000000117 0.0966891314610439 -0.00370155377675508
2.018750000000012 0.09663596242945893 -0.0019083309439973984
2.025000000000012 0.09659146470299922 -7.170307182332757e-05
2.031250000000012 0.09655747748237828 0.0017930548699678836
2.037500000000012 0.09653543457267255 0.003670437994577749
2.043750000000012 0.0965260662509985 0.005545116795329454
2.0500000000000123 0.09652926053179371 0.007402199059914528
2.0562500000000123 0.09654413425413334 0.009227292477742765
2.0625000000000124 0.09656930491867488 0.011006382897313474
2.0687500000000125 0.096603275081213 0.012725624470435792
2.0750000000000126 0.09664480042434745 0.014371129265204672
2.0812500000000127 0.09669307241527436 0.015928866236406995
2.087500000000013 0.09674771196906601 0.017384744537787926
2.093750000000013 0.09680858725838506 0.0187248971340588
2.100000000000013 0.09687556040347403 0.019936133481959935
2.106250000000013 0.09694819525843212 0.021006426425799744
2.112500000000013 0.09702557583572485 0.02192533363834779
2.1187500000000132 0.09710630276680295 0.02268425541898835
2.1250000000000133 0.09718868389164081 0.023276447901617116
2.1312500000000134 0.09727092985578628 0.023696858776926566
2.1375000000000135 0.09735136118810526 0.02394186236282091
2.1437500000000136 0.09742848906013443 0.02400898613677978
2.1500000000000137 0.09750096168355159 0.023896726569864503
2.1562500000000138 0.09756743631896977 0.023604514738823457
2.162500000000014 0.09762650925281911 0.02313281570878378
2.168750000000014 0.09767677227226117 0.022483319828901536
2.175000000000014 0.09771702566941012 0.021659143297741566
2.181250000000014 0.09774648823195667 0.02066500174122448
2.187500000000014 0.09776504237503597 0.019507276022901705
2.1937500000000143 0.09777339012581064 0.018193979127387537
2.2000000000000144 0.09777300803124382 0.016734650321311766
2.2062500000000145 0.09776592572285475 0.015140193281835145
2.2125000000000146 0.097754409537086 0.013422690131775245
2.2187500000000147 0.09774064829997603 0.011595222742683315
2.2250000000000147 0.09772654345457621 0.009671718268635707
2.231250000000015 0.0977136381792413 0.007666827352893171
2.237500000000015 0.0977031728725109 0.005595843442209039
2.243750000000015 0.09769621504553536 0.0034746413574550574
2.250000000000015 0.09769380112100495 0.0013196243715221435
2.256250000000015 0.09769702791309838 -0.0008523428178182899
2.2625000000000153 0.09770705333718922 -0.003024026539522906
2.2687500000000154 0.09772500854961734 -0.005177936993004084
2.2750000000000155 0.09775186779162998 -0.007296467603707383
2.2812500000000155 0.0977882904087259 -0.009362035210568595
2.2875000000000156 0.09783453287522015 -0.011357225357633649
2.2937500000000157 0.09789047485258172 -0.013264948607148226
2.300000000000016 0.09795562572682656 -0.015068604118597433
2.306250000000016 0.09802920445943873 -0.016752267892300176
2.312500000000016 0.09811022560980903 -0.01830091801318755
2.318750000000016 0.09819747477867405 -0.01970069541243533
2.325000000000016 0.09828938542765199 -0.02093916112055448
2.3312500000000163 0.09838385724313076 -0.022005524680521922
2.3375000000000163 0.09847813047457121 -0.02289078929581198
2.3437500000000164 0.09856882093017583 -0.023587743063559246
2.3500000000000165 0.09865199361095653 -0.024090860894243723
2.3562500000000166 0.09872341244802789 -0.02439611011726503
2.3625000000000167 0.09877890867596623 -0.024500770008586022
2.368750000000017 0.09881481482723406 -0.024403311249992152
2.375000000000017 0.09882832871697789 -0.024103391349884987
2.381250000000017 0.09881781199580837 -0.023602005787174068
2.387500000000017 0.09878295770174723 -0.022901711115844627
2.393750000000017 0.09872478319256932 -0.022006865082540034
2.4000000000000172 0.09864550899581837 -0.02092377828026817
2.4062500000000173 0.09854834691661833 -0.019660681163651106
2.4125000000000174 0.09843718756442368 -0.018227495538278786
2.4187500000000175 0.09831621916384242 -0.016635455211280997
2.4250000000000176 0.09818952500463836 -0.014896690256277108
2.4312500000000177 0.09806076287617743 -0.013023905214828036
2.4375000000000178 0.0979330222777307 -0.011030264298839786
2.443750000000018 0.0978089131508765 -0.008929517750597927
2.450000000000018 0.09769085783153796 -0.006736307026118491
2.456250000000018 0.09758143947129326 -0.004466504951450348
2.462500000000018 0.09748360615478474 -0.002137418259425799
2.468750000000018 0.09740059375531758 0.00023227557541623375
2.4750000000000183 0.09733557362061294 0.002622887871958656
2.4812500000000184 0.09729113080355237 0.005014261276455902
2.4875000000000185 0.09726878817172575 0.007386344998583204
2.4937500000000186 0.09726876625355667 0.00971966217715676
2.5000000000000187 0.09729005866981844 0.011995566308420387
2.5062500000000187 0.09733075260593929 0.014196276706316914
2.512500000000019 0.09738848124817577 0.016304742475571815
2.518750000000019 0.09746084532996853 0.01830443680628903
2.525000000000019 0.09754562840801445 0.020179206296751104
2.531250000000019 0.0976408297643595 0.021913245220071903
2.537500000000019 0.09774458630200811 0.023491252652926772
2.5437500000000193 0.09785505035712315 0.024898815533174204
2.5500000000000194 0.0979701266021444 0.026122849795804922
2.5562500000000195 0.09808736936766467 0.027152074825065136
2.5625000000000195 0.09820413129970111 0.027977336906281618
2.5687500000000196 0.0983177140707897 0.02859172827263937
2.5750000000000197 0.09842561205138849 0.028990496998061763
2.58125000000002 0.09852566215501969 0.029170805354440592
2.58750000000002 0.09861607489856429 0.029131445511155197
2.59375000000002 0.09869533787242186 0.028872593555561262
2.60000000000002 0.09876213274206953 0.028395662133225752
2.60625000000002 0.09881525654964139 0.027703317186102274
2.6125000000000203 0.09885366933832333 0.026799600359004222
2.6187500000000203 0.09887669818327513 0.025690086722774255
2.6250000000000204 0.0988842093970842 0.024382066972776756
2.6312500000000205 0.0988768433150533 0.02288462961617573
2.6375000000000206 0.09885615504663 0.02120865226510005
2.6437500000000207 0.09882455902263419 0.01936670326869304
2.650000000000021 0.09878508555393638 0.017372867647816446
2.656250000000021 0.09874104278603066 0.015242525480786594
2.662500000000021 0.09869567802396213 0.012992135005425738
2.668750000000021 0.09865192251694513 0.010639035733112282
2.675000000000021 0.0986122659425934 0.008201300950681752
2.6812500000000212 0.09857876087016024 0.0056976528294422814
2.6875000000000213 0.09855312477563585 0.003147415692096561
2.6937500000000214 0.09853686985030756 0.0005704734773436762
2.7000000000000215 0.09853143319531055 -0.0020128145000776064
2.7062500000000216 0.09853821799707078 -0.004581737632764247
2.7125000000000217 0.09855850248243482 -0.007115408887754916
2.7187500000000218 0.09859326811183422 -0.009592985204428426
2.725000000000022 0.09864295190609645 -0.011993905304276414
2.731250000000022 0.09870726725699187 -0.014298102329039242
2.737500000000022 0.09878518623210816 -0.01648620871635109
2.743750000000022 0.09887496723726845 -0.018539744503267556
2.750000000000022 0.0989743411929005 -0.020441287510547045
2.7562500000000223 0.09908078290267469 -0.022174671594580895
2.7625000000000224 0.09919162889662754 -0.023725201673519544
2.7687500000000225 0.09930403573268701 -0.025079868267148503
2.7750000000000226 0.09941487714037026 -0.026227606176425437
2.7812500000000226 0.09952075205475139 -0.02715944334015967
2.7875000000000227 0.09961792394278048 -0.027868535358775686
2.793750000000023 0.0997023427086229 -0.02835008278069426
2.800000000000023 0.09976976469505025 -0.028601109167838496
2.806250000000023 0.09981607774017712 -0.028620205244692987
2.812500000000023 0.09983768244765975 -0.028407316361959263
2.818750000000023 0.09983188204334754 -0.027963659900542833
2.8250000000000233 0.09979720263851345 -0.027291818859756158
2.8312500000000234 0.09973359211958463 -0.02639595114991759
2.8375000000000234 0.09964246900714067 -0.025282103504699498
2.8437500000000235 0.09952666708868045 -0.02395844835668179
2.8500000000000236 0.09939025379323656 -0.022435330185040753
2.8562500000000237 0.09923817792329559 -0.02072506389791326
2.862500000000024 0.09907577287937454 -0.018841509337661367
2.868750000000024 0.09890819813212604 -0.01679954629060964
2.875000000000024 0.09873998568431121 -0.014614620077055666
2.881250000000024 0.09857482774560097 -0.012302514612504773
2.887500000000024 0.09841569452685003 -0.009879419431140964
2.8937500000000242 0.09826524430369309 -0.00736224221831226
2.9000000000000243 0.09812631565849983 -0.004769018920426763
2.9062500000000244 0.09800224599232159 -0.0021192106672424187
2.9125000000000245 0.09789682431533495 0.0005662791243093889
2.9187500000000246 0.09781387885725205 0.0032654221256369436
2.9250000000000247 0.09775667542213973 0.005955633396038119
2.931250000000025 0.09772731390593035 0.008614388171672026
2.937500000000025 0.09772640286558407 0.011219764592088345
2.943750000000025 0.09775307383367082 0.013750792044845606
2.950000000000025 0.09780525307153602 0.016187572685184365
2.956250000000025 0.09788008328273992 0.018511224152054098
2.9625000000000252 0.09797433196161737 0.020703716219970386
2.9687500000000253 0.09808461279112536 0.022747743766861388
2.9750000000000254 0.0982075077278949 0.024626685888980603
2.9812500000000255 0.09833962175948507 0.026324697135203294
2.9875000000000256 0.098477655833328 0.027827057764244302
2.9937500000000257 0.09861817036840623 0.02912053984739725
3.0000000000000258 0.09875767959018829 0.030193869392333973
3.006250000000026 0.09889278282014854 0.031038018433197916
3.012500000000026 0.09902037106863426 0.03164637171094913
3.018750000000026 0.09913778322051117 0.03201465977768958
3.025000000000026 0.09924283973602273 0.03214075767279734
3.031250000000026 0.09933379872869304 0.03202442328814152
3.0375000000000263 0.09940928348441125 0.03166700024007605
3.0437500000000264 0.09946820542221842 0.031071231343262565
3.0500000000000265 0.09950967478966992 0.030241227381416814
3.0562500000000266 0.09953310350861913 0.029182519698518813
3.0625000000000266 0.09953837214107684 0.027902207716387187
3.0687500000000267 0.0995259858580134 0.026409137820418194
3.075000000000027 0.09949726524995621 0.024714001490360227
3.081250000000027 0.09945444809065596 0.022829342270947944
3.087500000000027 0.09940060058272727 0.020769461351426093
3.093750000000027 0.09933935809971957 0.018550231570918205
3.100000000000027 0.09927458376166418 0.01618885964973243
3.1062500000000273 0.0992100190062292 0.013703638699170802
3.1125000000000274 0.0991490176474091 0.011113731581704896
3.1187500000000274 0.09909443882656947 0.008439013939984086
3.1250000000000275 0.09904862365519274 0.005699990721500516
3.1312500000000276 0.09901349743377104 0.0029177717050890904
3.1375000000000277 0.09899072121238639 0.00011404877952453553
3.143750000000028 0.0989818404229293 -0.002688997757542355
3.150000000000028 0.09898834498417222 -0.005468848437330032
3.156250000000028 0.09901156123912758 -0.00820285552120003
3.162500000000028 0.09905243292186329 -0.01086851389262679
3.168750000000028 0.0991112171366384 -0.013443754831744342
3.1750000000000282 0.09918725325574038 -0.015907205800450904
3.1812500000000283 0.0992789237296152 -0.01823842276058014
3.1875000000000284 0.09938368683877948 -0.020418095041418328
3.1937500000000285 0.09949833594516336 -0.022428197319062045
3.2000000000000286 0.09961938246802753 -0.024252167854623648
3.2062500000000287 0.0997432470253727 -0.02587506922456951
3.2125000000000288 0.0998663086399228 -0.02728378521814283
3.218750000000029 0.0999848715160819 -0.028467268593023058
3.225000000000029 0.10009525104092602 -0.029416677342427505
3.231250000000029 0.10019365499844951 -0.03012546224822206
3.237500000000029 0.10027613011195347 -0.0305893030041142
3.243750000000029 0.10033860266820373 -0.030805872394184624
3.2500000000000293 0.10037714137312506 -0.030774570143892503
3.2562500000000294 0.10038829001488186 -0.030496256853638652
3.2625000000000295 0.10036947809336252 -0.029973121330404584
3.2687500000000296 0.10031931964988092 -0.029208711881181224
3.2750000000000297 0.10023789753939585 -0.028208127213092706
3.2812500000000298 0.10012685053582702 -0.026978345282328405
3.28750000000003 0.09998935209799184 -0.025528494182373036
3.29375000000003 0.09982995593225849 -0.02386994713595035
3.30000000000003 0.0996542205667734 -0.022016152435327126
3.30625000000003 0.09946814356713334 -0.019982211041653673
3.31250000000003 0.09927752149587045 -0.017784324377889255
3.3187500000000303 0.09908741379708576 -0.015439291565095211
3.3250000000000304 0.09890188698331531 -0.01296422734045708
3.3312500000000305 0.09872413414503448 -0.01037658874577262
3.3375000000000306 0.09855691999181931 -0.00769447782333938
3.3437500000000306 0.09840316637830754 -0.0049370575092218556
3.3500000000000307 0.09826631915651957 -0.0021248896772937485
3.356250000000031 0.09815034093603156 0.0007200157916685926
3.362500000000031 0.09805928326140775 0.0035744922689555244
3.368750000000031 0.09799666227400522 0.006414786495801546
3.375000000000031 0.09796480599782353 0.009217191591754914
3.381250000000031 0.09796447967096003 0.01195861318830304
3.3875000000000313 0.09799486110332113 0.0146169605254769
3.3937500000000314 0.09805376900112715 0.01717130417944208
3.4000000000000314 0.0981380657019714 0.019601864426060243
3.4062500000000315 0.09824405383330026 0.02188987409606413
3.4125000000000316 0.09836770476368416 0.024017470011998936
3.4187500000000317 0.09850483501558328 0.02596765296595286
3.425000000000032 0.09865124831636884 0.02772435708923519
3.431250000000032 0.09880288430416978 0.029272776400665102
3.437500000000032 0.09895563043013002 0.030599701715867022
3.443750000000032 0.09910548498131087 0.03169394773622212
3.450000000000032 0.09924869849404161 0.03254664352363408
3.4562500000000322 0.09938199389828187 0.03315139712340842
3.4625000000000323 0.09950266624413383 0.03350423848672838
3.4687500000000324 0.0996085601253675 0.03360345096764025
3.4750000000000325 0.09969800511014974 0.03344930418228992
3.4812500000000326 0.09976974457361673 0.033043741523447384
3.4875000000000327 0.09982285903866261 0.0323901734547075
3.4937500000000328 0.0998566736154665 0.03149342000068829
3.500000000000033 0.09987087424245959 0.030359734218172053
3.506250000000033 0.09986566115103424 0.028996944480521588
3.512500000000033 0.09984189094504645 0.027414637770013073
3.518750000000033 0.09980124581352615 0.025624268518307396
3.525000000000033 0.09974631551064017 0.02363917626437702
3.5312500000000333 0.0996804912381338 0.021474491305585496
3.5375000000000334 0.0996077084913036 0.019146950817358212
3.5437500000000335 0.09953209798880484 0.01667464536455154
3.5500000000000336 0.09945763841307413 0.014076755431695303
3.5562500000000337 0.09938788854855922 0.011373320063178033
3.5625000000000338 0.09932586273302084 0.008585079395422496
3.568750000000034 0.09927402792418188 0.0057333904349716565
3.575000000000034 0.09923439118720838 0.002840205396939152
3.581250000000034 0.09920866147199454 -7.193363153183767e-05
3.587500000000034 0.09919841276465251 -0.002979994533468596
3.593750000000034 0.09920515172474685 -0.005860617590191366
3.6000000000000343 0.09923019935409756 -0.00869034226944423
3.6062500000000344 0.0992744479880782 -0.011445898241915609
3.6125000000000345 0.09933803427995949 -0.014104527125379495
3.6187500000000346 0.09942008660243472 -0.016644262552912327
3.6250000000000346 0.09951867642846476 -0.019044175435855955
3.6312500000000347 0.09963085430812592 -0.021284587883301793
3.637500000000035 0.09975293952443262 -0.023347214432985253
3.643750000000035 0.09988096261603249 -0.025215331139829628
3.650000000000035 0.10001089119488377 -0.026873905049864515
3.656250000000035 0.10013872406794139 -0.02830978307723748
3.662500000000035 0.10026051616548559 -0.02951193044656543
3.6687500000000353 0.10037247581421584 -0.03047156414391963
3.6750000000000353 0.10047083573024973 -0.031182270572336374
3.6812500000000354 0.10055173817524662 -0.03163994538150902
3.6875000000000355 0.10061124358269886 -0.03184256764781551
3.6937500000000356 0.10064553937192981 -0.03178992324491836
3.7000000000000357 0.10065126202963494 -0.031483316042395376
3.706250000000036 0.10062589163440258 -0.03092540644243045
3.712500000000036 0.10056807816345388 -0.030120204053262125
3.718750000000036 0.10047795963363083 -0.0290732492290422
3.725000000000036 0.10035725877715233 -0.027791942159618634
3.731250000000036 0.1002092926504259 -0.026285825813822924
3.7375000000000362 0.10003882710212597 -0.024566706911297753
3.7437500000000363 0.09985169632680292 -0.02264850978515822
3.7500000000000364 0.09965420891549143 -0.02054686622402636
3.7562500000000365 0.09945247083998689 -0.01827855856033439
3.7625000000000366 0.09925180871406489 -0.01586099688176284
3.7687500000000367 0.09905648737452034 -0.013311908979995806
3.7750000000000368 0.09886982440125346 -0.010649340923784428
3.781250000000037 0.09869464001168962 -0.007891947766478705
3.787500000000037 0.09853387967874302 -0.005059407588501629
3.793750000000037 0.09839101356390671 -0.0021727737782477295
3.800000000000037 0.09827005242061565 0.0007454546991492838
3.806250000000037 0.0981751263364003 0.003671609705621393
3.8125000000000373 0.09810985050232075 0.006581416417901112
3.8187500000000374 0.0980766584022126 0.009450634177120915
3.8250000000000375 0.0980763953115048 0.012255631706393991
3.8312500000000376 0.09810827228896142 0.014973799050618238
3.8375000000000377 0.09817006889659206 0.017583724638475587
3.8437500000000377 0.09825852284422165 0.02006520581165435
3.850000000000038 0.098369725586298 0.02239912917200061
3.856250000000038 0.09849935372893401 0.024567367992223744
3.862500000000038 0.0986428656845477 0.026552741472500422
3.868750000000038 0.09879569998508385 0.02833908116866313
3.875000000000038 0.09895344134581283 0.029911535300267612
3.8812500000000383 0.09911166507642534 0.0312568959499436
3.8875000000000384 0.09926613001978106 0.03236400771406994
3.8937500000000385 0.09941292149402849 0.03322405688269138
3.9000000000000385 0.09954867943598356 0.033830733957093045
3.9062500000000386 0.09967067367189542 0.03418018531214727
3.9125000000000387 0.09977675835053425 0.03427086054049139
3.918750000000039 0.09986530185774947 0.03410324235082996
3.925000000000039 0.09993511416628639 0.03367952999381957
3.931250000000039 0.09998536824481878 0.03300342000893906
3.937500000000039 0.10001550212162082 0.032080035582586854
3.943750000000039 0.10002533680485237 0.030915935471686973
3.9500000000000393 0.1000152231487286 0.029519252176820325
3.9562500000000393 0.09998617550150199 0.027899878189945423
3.9625000000000394 0.09994003192180567 0.02606958103810322
3.9687500000000395 0.09987953027041223 0.02404202803112442
3.9750000000000396 0.0998081987505356 0.021832695936138003
3.9812500000000397 0.09973009977467708 0.019458686450651335
3.98750000000004 0.09964948125408384 0.016938468400286715
3.99375000000004 0.09957042825267018 0.014291606199114942
4.00000000000004 0.09949659374939655 0.011538521140333984
4.00625000000004 0.09943106621475459 0.008700330024738223
4.012500000000039 0.09937636836193432 0.005798762208880746
4.018750000000039 0.09933454437678454 0.002856136532563739
4.0250000000000385 0.09930732177485982 -0.00010463575966100083
4.031250000000038 0.09929628299362 -0.0030601507900529547
4.037500000000038 0.09930293833469883 -0.00598668045467724
4.0437500000000375 0.09932860601909634 -0.008860404757676488
4.050000000000037 0.09937415830954646 -0.01165771008963867
4.056250000000037 0.09943968676070664 -0.014355523449846551
4.062500000000036 0.09952423800111565 -0.01693160264079163
4.068750000000036 0.0996257585758103 -0.01936478770242469
4.075000000000036 0.09974112649212602 -0.021635218394332054
4.081250000000035 0.09986645552878735 -0.02372447495513935
4.087500000000035 0.09999755922531131 -0.025615739384478742
4.093750000000035 0.10013019790591834 -0.027293912628983442
4.100000000000034 0.10026019601242495 -0.02874579708052974
4.106250000000034 0.10038349358725301 -0.02996033140779329
4.112500000000034 0.10049625459789739 -0.030928723163753398
4.118750000000033 0.10059472744549787 -0.03164458330590601
4.125000000000033 0.10067510938946761 -0.03210386851785791
4.1312500000000325 0.10073352980325183 -0.03230466323245236
4.137500000000032 0.10076623289120737 -0.03224690029694905
4.143750000000032 0.1007698915109873 -0.03193206148669813
4.150000000000031 0.10074199352064149 -0.03136299803965922
4.156250000000031 0.10068118867264354 -0.030543906046932027
4.162500000000031 0.100587611860291 -0.029480497871102483
4.16875000000003 0.10046299663869424 -0.028180327993143777
4.17500000000003 0.10031069677155072 -0.026653083467562774
4.18125000000003 0.10013554882492151 -0.02491072011610029
4.187500000000029 0.09994349355442543 -0.02296733282708286
4.193750000000029 0.09974097414436953 -0.02083875653938047
4.200000000000029 0.0995342428745125 -0.018542010099442747
4.206250000000028 0.09932876399794482 -0.01609476366519338
4.212500000000028 0.09912891195560232 -0.013515011597348933
4.2187500000000275 0.09893807471463013 -0.010821055706610032
4.225000000000027 0.09875910556832777 -0.008031783524363059
4.231250000000027 0.09859494976457736 -0.005167083552464042
4.2375000000000265 0.09844907431284218 -0.002248201188639337
4.243750000000026 0.09832549851300956 0.0007021729145838902
4.250000000000026 0.0982283848907014 0.0036601674528754036
4.256250000000025 0.09816140206770893 0.006601284826849336
4.262500000000025 0.09812705246222554 0.00950104543148669
4.268750000000025 0.09812624450601203 0.012335568125888517
4.275000000000024 0.09815823110872839 0.015081994672689062
4.281250000000024 0.09822079761213054 0.017718679383401388
4.287500000000024 0.09831064196764802 0.020225211683951555
4.293750000000023 0.09842377239427808 0.022582306498713647
4.300000000000023 0.09855574197256425 0.024771703056914562
4.306250000000023 0.09870185369369923 0.026776123155855817
4.312500000000022 0.09885738275187304 0.028579333147303484
4.318750000000022 0.09901775548812589 0.030166436788746906
4.3250000000000215 0.0991784075101146 0.0315241958787467
4.331250000000021 0.09933498510796954 0.032641431733959045
4.337500000000021 0.09948349221546222 0.03350931490823408
4.34375000000002 0.0996205196439752 0.0341215296149888
4.35000000000002 0.09974331434526398 0.03447423234745376
4.35625000000002 0.09984972542288431 0.0345659076813655
4.362500000000019 0.09993813187990838 0.03439709923019669
4.368750000000019 0.1000073688401314 0.03397009062841851
4.375000000000019 0.10005664777734392 0.03328867876941555
4.381250000000018 0.10008545499441224 0.03235809468001747
4.387500000000018 0.10009366493273096 0.031185004970161013
4.393750000000018 0.1000816864577551 0.029777645122946502
4.400000000000017 0.10005059018384513 0.028146007891814602
4.406250000000017 0.10000226697103155 0.026301962490506585
4.4125000000000165 0.0999395033665925 0.02425928450018015
4.418750000000016 0.09986587487619221 0.022033570287681936
4.425000000000016 0.09978549175800745 0.019642052861723505
4.4312500000000155 0.09970265249226776 0.0171033437296567
4.437500000000015 0.09962149392436004 0.014437157730039632
4.443750000000015 0.09954571926896283 0.01166406987967143
4.450000000000014 0.09947846038253468 0.008805350322672757
4.456250000000014 0.0994222736597338 0.005882880660790624
4.462500000000014 0.09937922691926708 0.0029191293688721133
4.468750000000013 0.09935105979698586 -6.284169240453673e-05
4.475000000000013 0.09933935950398598 -0.003039474108167507
4.481250000000013 0.09934563897351761 -0.005986883408166753
4.487500000000012 0.0993712201817707 -0.008881092443089503
4.493750000000012 0.09941697633553467 -0.011698331360957138
4.5000000000000115 0.09948299571191623 -0.014415377240921713
4.506250000000011 0.09956830899669139 -0.017009850122679065
4.512500000000011 0.09967082816560124 -0.019460467301231344
4.5187500000000105 0.09978737296266137 -0.021747263368450415
4.52500000000001 0.09991397693722044 -0.02385173246547396
4.53125000000001 0.10004636060455381 -0.025756985069193158
4.537500000000009 0.10018019202728792 -0.027447861066447882
4.543750000000009 0.10031121708477693 -0.02891110644194553
4.550000000000009 0.1004353204670155 -0.030135607868613835
4.556250000000008 0.10054864405631804 -0.03111252567096558
4.562500000000008 0.10064744343647367 -0.03183543666615473
4.568750000000008 0.10072794373002161 -0.03230028223786526
4.575000000000007 0.10078630626645523 -0.03250515533725124
4.581250000000007 0.10081879775652135 -0.03245002141855866
4.587500000000007 0.10082209672484536 -0.03213641372210904
4.593750000000006 0.10079367677580689 -0.03156724240687656
4.600000000000006 0.10073216380313489 -0.030746760462582276
4.6062500000000055 0.10063766151669108 -0.029680725183364162
4.612500000000005 0.10051187748283219 -0.028376721492177993
4.618750000000005 0.10035815091669564 -0.026844457286440682
4.625000000000004 0.10018132319052508 -0.02509591014621154
4.631250000000004 0.09998736458528318 -0.02314521045099184
4.637500000000004 0.09978277314724208 -0.02100825198256638
4.643750000000003 0.09957387430302028 -0.018702138015705656
4.650000000000003 0.09936621164694405 -0.01624464269770349
4.656250000000003 0.09916422934513995 -0.013653871454814098
4.662500000000002 0.09897136268614279 -0.010948230570444887
4.668750000000002 0.09879048499767566 -0.00814669508185098
4.675000000000002 0.09862453508468637 -0.00526922352439059
4.681250000000001 0.09847696669241605 -0.002337117944778592
4.687500000000001 0.09835179363626649 0.000626873408871401
4.6937500000000005 0.09825319416828698 0.0035988092805065096
4.7 0.09818487408583536 0.006554101678798556
4.70625 0.09814939189056408 0.009468161939185826
4.7124999999999995 0.09814771459908099 0.012316985074717665
4.718749999999999 0.09817914307722163 0.01507758341142673
4.724999999999999 0.09824149023963526 0.017728186085454796
4.731249999999998 0.09833145382559327 0.020248269236690857
4.737499999999998 0.09844501686995859 0.02261845267574946
4.743749999999998 0.09857768618954615 0.024820398127149212
4.749999999999997 0.09872470076243615 0.02683676637068865
4.756249999999997 0.0988812627961952 0.028651273212406965
4.762499999999997 0.09904272816285059 0.030248975768997998
4.768749999999996 0.09920447026755419 0.03161658797834855
4.774999999999996 0.09936208019850301 0.03274288034923727
4.781249999999996 0.09951151733975475 0.03361897066193055
4.787499999999995 0.09964933822856936 0.03423849354929551
4.793749999999995 0.09977276734858959 0.03459756452038587
4.7999999999999945 0.09987964098225087 0.03469464128882665
4.806249999999994 0.09996833352474457 0.03453025805174172
4.812499999999994 0.10003768340276926 0.03410670433094511
4.818749999999993 0.10008691312300962 0.033427792989447536
4.824999999999993 0.10011552526441288 0.032498774722145386
4.831249999999993 0.10012340855698078 0.03132633510333199
4.837499999999992 0.1001109865619905 0.02991872257034478
4.843749999999992 0.10007934026759067 0.028285938588141223
4.849999999999992 0.10003036700039068 0.026439860009081422
4.856249999999991 0.09996685782539709 0.024394273270575178
4.862499999999991 0.0998923957420997 0.022164793138950683
4.868749999999991 0.09981110441774017 0.01976868039619134
4.87499999999999 0.09972730386455701 0.017224584555663707
4.88124999999999 0.09964515910114101 0.01455226705731378
4.8874999999999895 0.09956840495856369 0.011772355058438128
4.893749999999989 0.0995002033675101 0.008906173010751322
4.899999999999989 0.09944313569152642 0.005975657301297498
4.9062499999999885 0.09939928803850089 0.0030033300862374627
4.912499999999988 0.09937040992460425 1.230749263509586e-05
4.918749999999988 0.09935809232359953 -0.0029737932079954587
4.924999999999987 0.0993638510021488 -0.005931024212248632
4.931249999999987 0.09938901542752697 -0.008835339734246102
4.937499999999987 0.09943447031346367 -0.011662895275635904
4.943749999999986 0.09950032053261056 -0.014390389701148002
4.949999999999986 0.09958561144248682 -0.016995365023332903
4.956249999999986 0.0996882616188995 -0.019456462267805105
4.962499999999985 0.0998050845971124 -0.021753643706924685
4.968749999999985 0.09993209004895841 -0.02386833726859659
4.9749999999999845 0.10006496075661317 -0.025783590424578937
4.981249999999984 0.10019932393714576 -0.027484182865883104
4.987499999999984 0.1003308895149989 -0.02895679774145528
4.9937499999999835 0.10045551257124131 -0.03019025734978812
4.999999999999983 0.10056932128816183 -0.03117565701351656
5.006249999999983 0.10066857315312791 -0.03190651231014609
5.012499999999982 0.10074950707062769 -0.03237871459747794
5.018749999999982 0.10080829849815078 -0.032590321624621645
5.024999999999982 0.10084122020759642 -0.03254127999814487
5.031249999999981 0.10084494232205113 -0.03223311765584405
5.037499999999981 0.10081691415872146 -0.03166874485455095
5.043749999999981 0.10075572655315158 -0.030852413426153993
5.04999999999998 0.10066143982725181 -0.029789869054449393
5.05624999999998 0.10053571927030043 -0.028488672404179315
5.06249999999998 0.10038186697819675 -0.026958498083479065
5.068749999999979 0.10020470010128488 -0.025211289813296296
5.074999999999979 0.10001018465555382 -0.023261154651573242
5.0812499999999785 0.09980483841219255 -0.02112398239624292
5.087499999999978 0.09959502771625715 -0.018816894445397428
5.093749999999978 0.09938634957402806 -0.01635770068207855
5.099999999999977 0.0991833000898854 -0.013764549423408406
5.106249999999977 0.09898935151220266 -0.011055884912089968
5.112499999999977 0.09880739149402995 -0.008250705806239647
5.118749999999976 0.09864034972437809 -0.005368978789562066
5.124999999999976 0.09849166258061426 -0.0024320028844537355
5.131249999999976 0.09836533270177793 0.0005374751319069347
5.137499999999975 0.09826554720538494 0.0035155025928227126
5.143749999999975 0.09819604256645428 0.0064774591384024315
5.149999999999975 0.09815942842895341 0.009398703792670946
5.156249999999974 0.09815672916998679 0.012255162612656462
5.162499999999974 0.09818729706092913 0.015023770102225498
5.1687499999999735 0.09824898283037659 0.017682677462766097
5.174999999999973 0.09833850191607074 0.020211288508317365
5.181249999999973 0.09845183779646195 0.022590161004319504
5.1874999999999725 0.09858448498736605 0.024800903525858224
5.193749999999972 0.09873165835635193 0.0268261312944133
5.199999999999972 0.09888852674331755 0.028649515692520486
5.206249999999971 0.09905041360118487 0.0302560656267882
5.212499999999971 0.09921266414158106 0.03163243883144213
5.218749999999971 0.09937083918757737 0.03276734218122859
5.22499999999997 0.09952086987140933 0.033651823604244575
5.23124999999997 0.09965928478787399 0.034279448389239554
5.23749999999997 0.09978328596025705 0.034646267971495254
5.243749999999969 0.09989069318383986 0.0347506855237142
5.249999999999969 0.09997986910036051 0.03459319463787187
5.256249999999969 0.10004964530376997 0.03417605617388177
5.262499999999968 0.10009924272575804 0.033503062061080814
5.268749999999968 0.1001281658398657 0.032579444244855114
5.2749999999999675 0.10013630027117794 0.03141186870221252
5.281249999999967 0.10012406516104357 0.030008557865406037
5.287499999999967 0.1000925318638197 0.028379482282018795
5.293749999999966 0.10004358401263123 0.026536485700091005
5.299999999999966 0.09997999792766812 0.02449332312566977
5.306249999999966 0.09990534673863061 0.02226558370182153
5.312499999999965 0.09982375248938216 0.019870510858982792
5.318749999999965 0.09973954406716252 0.01732674644694832
5.324999999999965 0.09965690441109824 0.014654053171605688
5.331249999999964 0.0995795919846191 0.01187306598162967
5.337499999999964 0.09951079309469738 0.009005120446329189
5.343749999999964 0.09945311049033533 0.00607216528231946
5.349999999999963 0.09940864640901331 0.003096734538294522
5.356249999999963 0.09937915941242409 0.00010195665137075323
5.3624999999999625 0.09936624387270437 -0.002888533965157426
5.368749999999962 0.09937141842178969 -0.005850766709260689
5.374999999999962 0.09939602149648787 -0.008760665714935563
5.3812499999999615 0.09944095377479989 -0.011594347388660413
5.387499999999961 0.09950634531173905 -0.014328463587633908
5.393749999999961 0.09959126949888869 -0.01694050421471089
5.39999999999996 0.09969366947637145 -0.019409054196776403
5.40624999999996 0.09981037549343694 -0.021714017613919064
5.41249999999996 0.09993739830566346 -0.02383676469532222
5.418749999999959 0.10007040728976702 -0.025760283418455553
5.424999999999959 0.10020501143179707 -0.02746929347187926
5.431249999999959 0.10033690343016965 -0.028950412305446604
5.437499999999958 0.10046192028462017 -0.030192392276084046
5.443749999999958 0.1005761799685497 -0.031186255923153185
5.4499999999999575 0.1006759393852031 -0.03192544563402949
5.456249999999957 0.10075744483909875 -0.03240578740566006
5.462499999999957 0.10081687805564192 -0.032625284541117724
5.4687499999999565 0.10085051067702486 -0.03258384217090271
5.474999999999956 0.10085499839833889 -0.03228295803005558
5.481249999999956 0.10082776198965925 -0.0317255168074267
5.487499999999955 0.10076735242109795 -0.030915743874561294
5.493749999999955 0.10067378132673017 -0.029859348828329003
5.499999999999955 0.10054866464536912 -0.028563844461935883
5.506249999999954 0.10039525746710455 -0.027038848732582787
5.512499999999954 0.10021833988035173 -0.02529624744781472
5.518749999999954 0.10002385863787285 -0.023350098810558648
5.524999999999953 0.09981833555921726 -0.021216261302821057
5.531249999999953 0.09960816352553882 -0.018911845601302848
5.537499999999953 0.09939898142954567 -0.016454667693751528
5.543749999999952 0.09919532957031167 -0.013862889311470073
5.549999999999952 0.09900071286849545 -0.011154964011098
5.5562499999999515 0.09881803121027564 -0.008349886617894474
5.562499999999951 0.09865020432165636 -0.005467605341638713
5.568749999999951 0.09850064958676134 -0.002529390382924965
5.57499999999995 0.09837335591650198 0.00044203866899699925
5.58124999999995 0.0982725160492195 0.003422743355512992
5.58749999999995 0.09820189404738912 0.006388096386169845
5.593749999999949 0.0981641483846623 0.009313429309030157
5.599999999999949 0.09816036027683347 0.012174623162829704
5.606249999999949 0.09818993503801829 0.014948557040040673
5.612499999999948 0.0982507658717774 0.017613324660603533
5.618749999999948 0.09833959390201784 0.02014827520527519
5.624999999999948 0.09845241419516748 0.022533918696057472
5.631249999999947 0.09858472374703527 0.024751821145695067
5.637499999999947 0.09873173062614043 0.026784558966117703
5.6437499999999465 0.09888858763861433 0.028615762032777898
5.649999999999946 0.09905060209572011 0.030230390521198098
5.656249999999946 0.09921310613238493 0.03161504259933363
5.6624999999999455 0.09937164105681633 0.032758356101606004
5.668749999999945 0.09952211722486107 0.033651301754470946
5.674999999999945 0.09966103814277089 0.03428736687560371
5.681249999999944 0.09978558341289147 0.03466252872856675
5.687499999999944 0.0998935547591357 0.034775123789662965
5.693749999999944 0.09998329990960232 0.03462559134702705
5.699999999999943 0.10005363914851294 0.034216148497220863
5.706249999999943 0.10010378620904933 0.033550550210722334
5.712499999999943 0.10013324122957398 0.03263399303080465
5.718749999999942 0.10014187923488181 0.03147310670287319
5.724999999999942 0.10013010667119973 0.030076070904233622
5.731249999999942 0.10009897665850752 0.02845280818588221
5.737499999999941 0.10005035043216443 0.026615111594180705
5.743749999999941 0.0999869811234855 0.024576686375844682
5.7499999999999405 0.09991242428285216 0.02235307691178467
5.75624999999994 0.09983079356715104 0.019961489609770268
5.76249999999994 0.09974642100555052 0.01742053873535892
5.768749999999939 0.09966350281558513 0.014749968496103941
5.774999999999939 0.0995858175312706 0.011970402346524455
5.781249999999939 0.09951657335518926 0.0091031682601125
5.787499999999938 0.09945839293582696 0.00617020894527175
5.793749999999938 0.09941339382588957 0.0031940523379320597
5.799999999999938 0.09938334342154885 0.00019782106655863592
5.806249999999937 0.09936983944245713 -0.002794851378170832
5.812499999999937 0.09937440338336848 -0.0057599891848134415
5.818749999999937 0.09939838315255035 -0.008673503180227554
5.824999999999936 0.09944269714075606 -0.011511486203548143
5.831249999999936 0.09950750415798792 -0.014250556749224107
5.8374999999999355 0.0995919113655682 -0.016868163930178093
5.843749999999935 0.09969389419616007 -0.019342845435734033
5.849999999999935 0.09981030971882619 -0.021654453348276197
5.8562499999999345 0.09993718090990172 -0.023784303989078652
5.862499999999934 0.10007017443198285 -0.025715327438626708
5.868749999999934 0.10020489092668915 -0.02743218355590356
5.874999999999933 0.10033701395936373 -0.028921423042956855
5.881249999999933 0.10046236772182018 -0.030171725968022763
5.887499999999933 0.10057706136928124 -0.031174038855360017
5.893749999999932 0.10067734998924817 -0.031921725773141826
5.899999999999932 0.10075948445853604 -0.03241054061695143
5.906249999999932 0.10081964942355877 -0.03263842378770428
5.912499999999931 0.10085411241975703 -0.032605228998662424
5.918749999999931 0.10085951230248066 -0.032312412902324304
5.9249999999999305 0.10083323966523838 -0.031762823510110186
5.93124999999993 0.10077380374276894 -0.030960648865655114
5.93749999999993 0.10068116527196161 -0.029911552102793965
5.9437499999999295 0.10055688786567454 -0.028622988141119927
5.949999999999929 0.10040417532312366 -0.02710450832755578
5.956249999999929 0.1002277649483858 -0.025367930152261676
5.962499999999928 0.1000335774277626 -0.023427251755234198
5.968749999999928 0.09982813143062423 -0.0212982882090447
5.974999999999928 0.09961783975434475 -0.018998126713655274
5.981249999999927 0.099408377940989 -0.016544576368676733
5.987499999999927 0.09920432713113617 -0.013955799574340615
5.993749999999927 0.09900922329770692 -0.011250246997175523
5.999999999999926 0.0988259780304312 -0.008446898046083161
6.006249999999926 0.09865750102566337 -0.005565671204924437
6.012499999999926 0.09850719004027161 -0.002627796812053601
6.018749999999925 0.0983790189459219 0.0003440439619996025
6.024999999999925 0.09827718430332172 0.0033259382368516005
6.0312499999999245 0.09820547601860695 0.0062932631620177945
6.037499999999924 0.09816660011329814 0.009221333880893783
6.043749999999924 0.098161694349342 0.012085996995337031
6.049999999999923 0.09819021790084324 0.014864085975295127
6.056249999999923 0.09825010868375 0.01753364590028842
6.062499999999923 0.09833813720618609 0.020073978896338836
6.068749999999922 0.09845031502792966 0.02246555336332036
6.074999999999922 0.09858214811060065 0.024689897318598008
6.081249999999922 0.09872884526038142 0.026729551291359708
6.087499999999921 0.09888555094613143 0.028568105177094127
6.093749999999921 0.09904756313461356 0.03019047036983028
6.099999999999921 0.09921020780560513 0.031583184299241895
6.10624999999992 0.09936901126222113 0.03273481362606398
6.11249999999992 0.09951986662197014 0.03363624880403896
6.1187499999999195 0.0996592536204819 0.03428089542439584
6.124999999999919 0.09978432942378376 0.03466465214038149
6.131249999999919 0.09989287695875014 0.034785783326725335
6.1374999999999185 0.09998322761452949 0.03464466785116262
6.143749999999918 0.10005418838536806 0.03424347238414672
6.149999999999918 0.10010496326516978 0.03358590798269503
6.156249999999917 0.1001350454263998 0.03267712860428345
6.162499999999917 0.10014429616969332 0.03152372067634272
6.168749999999917 0.10013310573683316 0.030133814049690025
6.174999999999916 0.10010250541800206 0.028517276020617027
6.181249999999916 0.10005433036289875 0.026685841405366967
6.187499999999916 0.09999130681415433 0.02465315777753897
6.193749999999915 0.09991696926203658 0.02243471642332828
6.199999999999915 0.09983541983791039 0.020047678110771818
6.206249999999915 0.09975099101186784 0.017510620780749428
6.212499999999914 0.09966789009441411 0.014843261480135466
6.218749999999914 0.09958991405693828 0.012066203759552897
6.2249999999999135 0.09952029192352962 0.009200759891345668
6.231249999999913 0.09946166565545371 0.00626885867254613
6.237499999999913 0.09941616787466669 0.003293014200124766
6.243749999999912 0.0993855748492995 0.0002963354541533653
6.249999999999912 0.0993714876984866 -0.0026975528696686073
6.256249999999912 0.09937543072465209 -0.005664677464529291
6.262499999999911 0.09939876133919004 -0.008580943253883694
6.268749999999911 0.09944241617457317 -0.011422426427765956
6.274999999999911 0.09950658413940353 -0.014165718209384946
6.28124999999991 0.09959040854978929 -0.016788231962115145
6.28749999999991 0.09969190039582947 -0.019268462121973955
6.29374999999991 0.09980794811769818 -0.021586211567046213
6.299999999999909 0.09993459202253104 -0.02372274444950036
6.306249999999909 0.1000675008546327 -0.02566093374119754
6.3124999999999085 0.10020227128168348 -0.027385379636761843
6.318749999999908 0.10033458118635312 -0.028882565828438126
6.324999999999908 0.1004602445092246 -0.03014109916296486
6.3312499999999075 0.10057536212217537 -0.03115184884703067
6.337499999999907 0.10067618659022741 -0.03190809847840492
6.343749999999907 0.10075897213069672 -0.03240552681108651
6.349999999999906 0.10081990496610714 -0.0326420075387237
6.356249999999906 0.10085524741685416 -0.032617338496544204
6.362499999999906 0.10086162068719928 -0.032332930434309085
6.368749999999905 0.10083638472520833 -0.03179158987386452
6.374999999999905 0.10077800644401448 -0.030997462918374054
6.381249999999905 0.10068639483692306 -0.029956161979807272
6.387499999999904 0.10056305990455477 -0.028675079992754794
6.393749999999904 0.10041115229567339 -0.02716369753737681
6.3999999999999035 0.10023536387234504 -0.02543375926840704
6.406249999999903 0.10004158596142192 -0.02349919822309222
6.412499999999903 0.09983633052580915 -0.02137578052623953
6.4187499999999025 0.09962602700673122 -0.019080564070770637
6.424999999999902 0.09941638508632587 -0.016631345247775656
6.431249999999902 0.09921202531242 -0.014046281606622467
6.437499999999901 0.09901651427236681 -0.011343815833127715
6.443749999999901 0.09883277543049601 -0.008542907213257997
6.449999999999901 0.0986637087534339 -0.005663439913475837
6.4562499999999 0.09851269217370605 -0.002726599763368712
6.4624999999999 0.09838368374440752 0.0002449754512098521
6.4687499999999 0.09828088265899391 0.0032274036484644347
6.474999999999899 0.09820810348270663 0.006196071730191239
6.481249999999899 0.0981680989183214 0.009126283582678522
6.487499999999899 0.09816206305701178 0.011993856208611021
6.493749999999898 0.09818950938683425 0.01477558181571176
6.499999999999898 0.098248421723709 0.017449460682178366
6.5062499999998975 0.0983356018105538 0.019994751092651804
6.512499999999897 0.09844707993464805 0.022391882405681896
6.518749999999897 0.09857837393679367 0.024622346591738054
6.524999999999896 0.09872469669075443 0.026668649558744918
6.531249999999896 0.09888118785960233 0.02851434212998769
6.537499999999896 0.09904313876789621 0.03014428706516207
6.543749999999895 0.09920587258342121 0.03154496083652836
6.549999999999895 0.09936490242594531 0.03270485822000332
6.556249999999895 0.09951610595150799 0.03361478820294057
6.562499999999894 0.09965593978632876 0.03426807301966829
6.568749999999894 0.0997815386154851 0.03466053073298821
6.574999999999894 0.09989066621503354 0.034790351143593475
6.581249999999893 0.09998163697601405 0.03465784985474966
6.587499999999893 0.1000532437220998 0.0342651400936491
6.5937499999998925 0.10010467952170214 0.033615885961981846
6.599999999999892 0.10013542951002226 0.03271519573436754
6.606249999999892 0.10014534004422777 0.031569609545508935
6.6124999999998915 0.10013478371410453 0.03018720451760391
6.618749999999891 0.10010476855021777 0.028577789660977588
6.624999999999891 0.10005710209531675 0.026753038363511717
6.63124999999989 0.09999448205661986 0.024726537089445267
6.63749999999989 0.09992042020932321 0.022513720342273447
6.64374999999989 0.09983900558593052 0.020131699385973437
6.649999999999889 0.09975456969906048 0.01759901190569363
6.656249999999889 0.09967132982134973 0.014935343901450585
6.662499999999889 0.09959310055173412 0.012161275289817091
6.668749999999888 0.09952313126118871 0.009298099101155198
6.674999999999888 0.09946408301590995 0.006367726806912247
6.681249999999888 0.09941810349845592 0.0033926553616488637
6.687499999999887 0.099386977987365 0.0003959766811864475
6.693749999999887 0.09937231109370546 -0.00259869681917698
6.6999999999998865 0.09937562985086643 -0.005567397798940816
6.706249999999886 0.09939830100363685 -0.00848602864491163
6.712499999999886 0.09944127944123608 -0.01133065210528849
6.718749999999885 0.099504784554348 -0.01407783496357062
6.724999999999885 0.09958799676127705 -0.016704957163088778
6.731249999999885 0.0996889639582942 -0.019190471754090468
6.737499999999884 0.0998046081344625 -0.021514133741444827
6.743749999999884 0.09993098941448803 -0.023657155937847837
6.749999999999884 0.1000637808979065 -0.02560235465158167
6.756249999999883 0.10019857726646172 -0.02733427056609072
6.762499999999883 0.10033105214184793 -0.028839320437256035
6.768749999999883 0.10045701057413128 -0.030106037580525904
6.774999999999882 0.10057254534027966 -0.031125213382399885
6.781249999999882 0.10067390595699366 -0.03189005012519929
6.7874999999998815 0.10075734944684825 -0.03239614996239389
6.793749999999881 0.10081906312404888 -0.03264131807448254
6.799999999999881 0.10085530380121176 -0.03262529431117363
6.8062499999998805 0.1008626749222094 -0.032349441303857446
6.81249999999988 0.10083850582869458 -0.03181652198541597
6.81874999999988 0.10078122108584515 -0.03103063860109253
6.824999999999879 0.10069067770807512 -0.02999735122493785
6.831249999999879 0.10056833147990141 -0.028723989235123062
6.837499999999879 0.10041727910135523 -0.02721996079688901
6.843749999999878 0.10024216566120002 -0.02549693574608417
6.849999999999878 0.10004885134091357 -0.02356877962786107
6.856249999999878 0.09984383940521235 -0.02145120689179574
6.862499999999877 0.09963357410665744 -0.019161243259305055
6.868749999999877 0.09942379793249982 -0.0167166696638306
6.8749999999998765 0.09921917023104167 -0.014135636380441768
6.881249999999876 0.09902328827848275 -0.011436576076726308
6.887499999999876 0.09883908789047909 -0.008638426167362056
6.8937499999998755 0.09866945977205999 -0.005761034779015457
6.899999999999875 0.09851776202767404 -0.0028255413447272333
6.906249999999875 0.0983879363448778 0.00014546199940371183
6.912499999999874 0.09828418361692279 0.0031281265413853733
6.918749999999874 0.09821034211987191 0.006097851645154773
6.924999999999874 0.09816921053550137 0.00902993254131058
6.931249999999873 0.09816203909110606 0.011900159005886033
6.937499999999873 0.09818839588765399 0.014685284013169151
6.943749999999873 0.09824631137865183 0.017363264726412496
6.949999999999872 0.0983326196027557 0.019913316917019547
6.956249999999872 0.09844337068009587 0.022315831950542958
6.962499999999872 0.09857409571559866 0.02455226656042533
6.968749999999871 0.09872001317883074 0.026605092565758735
6.974999999999871 0.09887625966762066 0.028457822341891956
6.9812499999998705 0.09903812083493552 0.030095270238914094
6.98749999999987 0.09920091875447495 0.031503851968070505
6.99374999999987 0.0993601541058558 0.03267199030629103
6.999999999999869 0.09951169004566916 0.033590412402870626
7.006249999999869 0.09965196047655121 0.03425235642034824
7.012499999999869 0.09977807753967662 0.034653558905721
7.018749999999868 0.09988778566026875 0.03479213388257483
7.024999999999868 0.09997938189427251 0.03466833223528745
7.031249999999868 0.10005164448883808 0.03428421229572996
7.037499999999867 0.10010375499050822 0.03364338984562392
7.043749999999867 0.10013519007867282 0.03275092613803876
7.049999999999867 0.10014578077045187 0.03161331380059071
7.056249999999866 0.10013588143866976 0.03023857611711762
7.062499999999866 0.10010647635757233 0.028636462598086877
7.0687499999998655 0.10005934487589002 0.02681858386669171
7.074999999999865 0.09999715540880734 0.02479846376693353
7.081249999999865 0.09992339615128108 0.022591478327544965
7.0874999999998645 0.09984214214419604 0.020214687484981658
7.093749999999864 0.09975772309913693 0.017686586807476614
7.099999999999864 0.0996743655772535 0.01502682941305127
7.106249999999863 0.09959590134869223 0.012255969862708563
7.112499999999863 0.0995255999134917 0.009395280363844632
7.118749999999863 0.09946614139699939 0.006466653575478206
7.124999999999862 0.09941968863548434 0.003492567905001203
7.131249999999862 0.09938803610011193 0.0004960966914175158
7.137499999999862 0.09937279200651539 -0.002499161530804792
7.143749999999861 0.09937548603871445 -0.005469247020055406
7.149999999999861 0.09939749402116153 -0.00839006125530121
7.156249999999861 0.09943978890421978 -0.011237655152687268
7.16249999999986 0.09950262052705139 -0.013988572481253375
7.16874999999986 0.09958520674282594 -0.01662016092710526
7.1749999999998595 0.0996856328799787 -0.019110833101437356
7.181249999999859 0.09980085563491979 -0.021440296839332528
7.187499999999859 0.09992695631102451 -0.023589714043712386
7.193749999999858 0.10005961355190597 -0.02554184465050668
7.199999999999858 0.10019442102123416 -0.027281169977334187
7.206249999999858 0.10032704861485267 -0.02879404005449535
7.212499999999857 0.10045329332847784 -0.030068914630463853
7.218749999999857 0.10056923989319437 -0.031096507097315634
7.224999999999857 0.10067113431225261 -0.03186993814830461
7.231249999999856 0.10075523617865763 -0.0323847325505054
7.237499999999856 0.10081773377227028 -0.03263862602559257
7.243749999999856 0.10085487846056627 -0.03263129933419638
7.249999999999855 0.10086325612363625 -0.03236406588690208
7.256249999999855 0.10084016575606736 -0.03183964409094443
7.2624999999998545 0.10078398979088657 -0.031062091570555173
7.268749999999854 0.10069453322247454 -0.030036915576332812
7.274999999999854 0.10057319746864388 -0.028771381469442376
7.2812499999998535 0.10042302486249197 -0.027274824415888018
7.287499999999853 0.10024861292852076 -0.02555883854685411
7.293749999999853 0.10005578957269193 -0.023637220670419186
7.299999999999852 0.09985104804833181 -0.02152563203994856
7.306249999999852 0.09964084620604198 -0.019241064609399946
7.312499999999852 0.09943095850439318 -0.01680128241705039
7.318749999999851 0.09922608283647685 -0.014224427362746879
7.324999999999851 0.09902984745893798 -0.011528921364611436
7.331249999999851 0.09884520114716755 -0.008733679488286888
7.33749999999985 0.09867502589376859 -0.005858513334550936
7.34374999999985 0.09852266006265423 -0.002924515245711192
7.3499999999998495 0.0983920285379597 4.5769389196897206e-05
7.356249999999849 0.09828733309062973 0.003028526655055361
7.362499999999849 0.09821243486278597 0.0059991699711015485
7.3687499999998485 0.09817017787206289 0.008932987418118174
7.374999999999848 0.09816186829607103 0.01180574286790704
7.381249999999848 0.09818712908097946 0.014594151092211622
7.387499999999847 0.09824403786049488 0.017276126901504915
7.393749999999847 0.09832946169151327 0.01983084406779131
7.399999999999847 0.09843947116246266 0.022238656349114677
7.406249999999846 0.09856961137455399 0.024480985558273553
7.412499999999846 0.09871510714953784 0.02654026963515357
7.418749999999846 0.09887109298841501 0.028399982995660367
7.424999999999845 0.09903284913816224 0.030044891835105045
7.431249999999845 0.0991956974939225 0.03146135148737922
7.437499999999845 0.09935512667440527 0.032637712855228304
7.443749999999844 0.0995069858935835 0.03356462124493069
7.449999999999844 0.09964768660771174 0.0342352304271096
7.4562499999998435 0.09977431834089547 0.034645194958843106
7.462499999999843 0.09988460603533694 0.034792552446526195
7.468749999999843 0.09997682919143294 0.03467748816827666
7.474999999999842 0.10004975129041539 0.03430200478309987
7.481249999999842 0.10010254202376016 0.03366966911053821
7.487499999999842 0.1001346694582294 0.03278549480176836
7.493749999999841 0.10014594923168031 0.031655926510345156
7.499999999999841 0.10013671730991996 0.03028893334094432
7.506249999999841 0.1001079341165024 0.028694204870889462
7.51249999999984 0.10006135062233554 0.02688328842286289
7.51874999999984 0.09999960558207918 0.024869644537797973
7.52499999999984 0.09992616308781019 0.02266858993498891
7.531249999999839 0.09984508359752485 0.020297132272767898
7.537499999999839 0.09976069440289563 0.017773724036347686
7.5437499999998385 0.09967723088289923 0.01511798450471725
7.549999999999838 0.09959854167397836 0.01235044202045458
7.556249999999838 0.09952791629524262 0.009492347226579295
7.5624999999998375 0.09946805395352218 0.00656557330950925
7.568749999999837 0.09942113277487956 0.003592579538863542
7.574999999999837 0.09938895662420404 0.0005964199856945533
7.581249999999836 0.0993731374460773 -0.002399321486780858
7.587499999999836 0.0993752074990527 -0.005370693580703878
7.593749999999836 0.09939655139933012 -0.008293597746851863
7.599999999999835 0.09943815988103051 -0.011144073991231422
7.606249999999835 0.09950031301231504 -0.013898643886310827
7.612499999999835 0.09958226615128325 -0.016534623524140007
7.618749999999834 0.09968214223172842 -0.01903038562147434
7.624999999999834 0.09979693337630534 -0.021365591280366893
7.6312499999998336 0.0999227429413252 -0.023521351744970834
7.637499999999833 0.1000552558417338 -0.025480370801999955
7.643749999999833 0.10019006525765953 -0.02722707054380698
7.6499999999998325 0.1003228375080418 -0.028747734540130566
7.656249999999832 0.10044936214490033 -0.030030749054796035
7.662499999999832 0.10056571582366355 -0.03106674945904653
7.668749999999831 0.10066814061461385 -0.03184877482105572
7.674999999999831 0.10075289856539865 -0.03237227202840387
7.681249999999831 0.10081617893829647 -0.03263490677018584
7.68749999999983 0.10085422787178203 -0.032636300041398426
7.69374999999983 0.10086361401128781 -0.03237771540242335
7.69999999999983 0.10084160635946626 -0.031861826293797905
7.706249999999829 0.10078654553694925 -0.031092645447508054
7.712499999999829 0.10069818458803789 -0.030075627290065198
7.718749999999829 0.10057787055708096 -0.028817973178854435
7.724999999999828 0.1004285911815915 -0.027328945162331687
7.731249999999828 0.10025489587642632 -0.02562006125723745
7.7374999999998275 0.10006257942500703 -0.023705048784447853
7.743749999999827 0.09985812404645471 -0.021599514799290877
7.749999999999827 0.09964800023884157 -0.019320416434170443
7.7562499999998264 0.09943801380726416 -0.01688549995153298
7.762499999999826 0.0992329010773268 -0.014312898335372469
7.768749999999826 0.09903632166548434 -0.011621022577852613
7.774999999999825 0.0988512379704247 -0.008828765461822721
7.781249999999825 0.0986805238641677 -0.0059559021095616565
7.787499999999825 0.09852749810514541 -0.0030234775986378625
7.793749999999824 0.09839606839306372 -5.39899826145831e-05
7.799999999999824 0.09829043660362388 0.0029287825497452953
7.806249999999824 0.09821448594732897 0.005900268587342711
7.812499999999823 0.09817110511220725 0.008835750042636745
7.818749999999823 0.09816165612166051 0.01171096586058849
7.8249999999998225 0.09818581693319217 0.01450259319963689
7.831249999999822 0.09824171279429918 0.01718850485463367
7.837499999999822 0.09832624436123885 0.019747832754320297
7.8437499999998215 0.09843550314144475 0.02216089315075718
7.849999999999821 0.0985650486839698 0.02440907304014422
7.856249999999821 0.09871011259640303 0.026474776554097648
7.86249999999982 0.09886582791089871 0.028341440565785966
7.86874999999982 0.09902746946596042 0.029993783382733067
7.87499999999982 0.09919035946366003 0.03141810043351028
7.881249999999819 0.09934997476959304 0.032602670960596415
7.887499999999819 0.09950215099393446 0.033538058591308914
7.893749999999819 0.09964327738772526 0.03421733255585823
7.899999999999818 0.09977042078070605 0.03463606513987612
7.906249999999818 0.09988128651605138 0.03479221713543987
7.912499999999818 0.09997413638587911 0.034685907575640065
7.918749999999817 0.10004771899732798 0.03431908295519897
7.924999999999817 0.10010119197349159 0.033695260788769714
7.9312499999998165 0.10013401470978224 0.03281940687176504
7.937499999999816 0.10014598758373373 0.0316979177324572
7.943749999999816 0.10013742812128353 0.03033870828684614
7.949999999999815 0.10010927297538455 0.028751408081934212
7.956249999999815 0.10006324473032138 0.02694750094945732
7.962499999999815 0.10000195228371475 0.024940383802075982
7.968749999999814 0.09992883525191239 0.022745313584390567
7.974999999999814 0.0998479390445928 0.020379245105685007
7.981249999999814 0.0997635880255335 0.017860587178982354
7.987499999999813 0.09968002599892653 0.01520892466423758
7.993749999999813 0.09960111822262202 0.012444759191502073
7.999999999999813 0.09953017416954688 0.00958931945754209
